4294967279,81
4294967279,80
4294967279,79
4294967279,78
4294967279,77
4294967279,76
4294967279,75
4294967278,359
4294967279,447
4294967279,410
4294967279,0
4294967278,381
4294967294,68
4294967294,1424
4294967294,7
4294967294,93
4294967294,95
4294967294,6
4294967294,17
4294967294,43
4294967294,51
4294967294,471
4294967294,25
4294967294,26
4294967278,294
4294967294,5
4294967279,446
4294967294,81
4294967278,303
4294967294,67
4294967278,142
4294967278,141
4294967294,437
4294967294,1087
4294967294,1163
4294967278,140
4294967279,140
4294967278,139
4294967279,139
4294967294,83
4294967278,278
4294967279,135
4294967279,137
64,5
4294967278,136
64,4
4294967293,131
4294967293,130
4294967293,129
4294967293,128
4294967293,127
4294967293,126
4294967293,125
4294967293,124
4294967293,123
4294967293,122
4294967293,121
4294967293,120
4294967293,119
4294967293,118
4294967293,117
4294967293,116
4294967293,115
4294967293,114
4294967293,113
4294967293,112
4294967293,111
4294967293,110
4294967293,109
4294967293,108
4294967293,107
4294967293,106
4294967293,105
4294967293,104
4294967293,103
64,3
4294967293,102
4294967293,101
64,2
4294967293,100
4294967293,99
4294967293,98
64,1
4294967293,97
4294967293,96
4294967293,95
4294967293,94
4294967293,93
4294967293,92
4294967293,91
4294967293,90
4294967293,89
4294967293,87
4294967293,86
4294967293,85
4294967293,84
4294967293,83
4294967293,82
4294967293,81
4294967293,80
4294967293,79
4294967293,78
4294967293,77
4294967293,76
4294967293,75
4294967293,74
4294967293,73
4294967293,72
4294967293,71
4294967293,70
4294967293,69
4294967293,68
4294967293,67
4294967293,66
4294967293,65
4294967293,64
4294967293,63
4294967293,62
4294967293,61
4294967293,60
4294967293,59
4294967293,58
4294967293,57
4294967293,56
4294967293,55
4294967293,54
4294967293,53
4294967293,52
4294967293,51
4294967293,50
4294967293,49
4294967293,48
4294967293,47
4294967293,46
4294967293,45
4294967293,44
4294967293,43
4294967293,42
4294967293,41
4294967293,40
4294967293,39
4294967293,38
4294967293,37
4294967293,36
4294967293,35
4294967293,34
4294967293,33
4294967293,32
4294967293,31
4294967293,30
4294967293,29
4294967293,28
4294967293,27
4294967293,26
4294967293,25
4294967293,24
4294967293,23
4294967293,22
4294967293,21
4294967293,20
4294967293,19
4294967293,18
4294967293,17
4294967293,16
4294967293,15
4294967293,14
4294967293,13
4294967293,12
4294967293,11
4294967293,10
4294967293,9
4294967293,8
4294967293,7
4294967293,6
4294967293,5
4294967293,4
4294967293,3
4294967278,36
4294967278,35
4294967278,34
4294967278,33
4294967278,32
4294967278,31
4294967278,300
4294967278,30
4294967278,305
4294967278,29
4294967278,293
4294967278,28
4294967278,292
4294967278,27
4294967278,291
4294967278,26
4294967278,137
4294967278,25
4294967278,277
4294967278,24
4294967278,23
4294967278,22
4294967278,18
4294967278,16
4294967278,15
4294967278,14
4294967278,13
4294967278,12
4294967278,11
4294967278,7
4294967278,5
4294967278,4
4294967279,132
4294967279,131
4294967279,130
4294967279,126
4294967279,124
4294967279,123
4294967279,122
4294967279,121
4294967279,119
4294967279,117
4294967279,116
4294967279,115
4294967279,114
4294967279,113
4294967279,112
4294967279,111
4294967279,110
4294967279,109
4294967279,108
4294967279,224
4294967279,107
4294967279,106
4294967279,220
4294967279,105
4294967279,218
4294967279,104
4294967279,103
4294967279,102
4294967279,101
4294967279,100
4294967279,99
4294967279,98
4294967279,97
4294967279,400
4294967279,96
4294967279,399
4294967279,95
4294967279,94
4294967279,397
4294967279,93
4294967279,92
4294967279,91
4294967279,90
4294967279,89
4294967279,87
4294967279,391
4294967279,86
4294967279,389
4294967279,85
4294967279,84
4294967279,83
4294967279,82
4294967278,135
4294967279,134
4294967278,21
4294967278,275
4294967279,289
4294967278,20
4294967278,290
4294967279,273
4294967278,19
4294967278,288
4294967278,272
4294967279,271
4294967278,17
4294967278,271
4294967278,285
4294967279,270
4294967278,270
4294967279,268
4294967278,268
63,6
4294967279,267
63,5
4294967278,283
63,4
4294967279,285
63,3
63,2
63,1
4294967279,291
4294967278,266
4294967279,284
4294967278,10
4294967278,281
4294967279,264
4294967278,9
4294967278,302
4294967279,307
4294967278,8
4294967278,301
4294967279,262
4294967278,261
4294967279,261
4294967278,6
4294967278,280
4294967278,259
4294967279,259
4294967278,258
4294967278,257
4294967278,336
62,6
4294967278,338
62,5
4294967279,411
62,4
62,3
62,2
62,1
4294967278,380
4294967279,409
4294967278,379
4294967279,129
4294967279,406
4294967279,120
4294967278,255
4294967279,128
4294967278,378
4294967278,334
4294967279,127
